time	I(Lcoil)
0.000000000000000e+000	1.874999e-002
1.004000001576911e-012	1.874999e-002
1.507996372647620e-010	1.874998e-002
3.005952745279471e-010	1.874997e-002
4.503909117911321e-010	1.874996e-002
6.001865490543173e-010	1.874996e-002
7.499821863175024e-010	1.874995e-002
8.997778235806874e-010	1.874995e-002
1.049573460843872e-009	1.874994e-002
2.098150921697313e-009	1.874992e-002
4.195305843404194e-009	1.874990e-002
8.389615686817956e-009	1.874989e-002
1.677823537364548e-008	1.874989e-002
3.355547474730053e-008	1.874988e-002
6.710995349461063e-008	1.874987e-002
1.074150419847785e-007	1.874986e-002
1.429967015186784e-007	1.874985e-002
1.809088068246132e-007	1.874983e-002
2.206651138144768e-007	1.874983e-002
2.466549402761959e-007	1.874982e-002
2.739482847073920e-007	1.874981e-002
3.047202045577690e-007	1.874981e-002
3.479713174342303e-007	1.874980e-002
3.833618802063291e-007	1.874979e-002
4.335328320056807e-007	1.874978e-002
4.865860812101708e-007	1.874978e-002
5.518507763551843e-007	1.874977e-002
6.300242243270590e-007	1.874976e-002
7.300242243270590e-007	1.874975e-002
8.300242243270590e-007	1.874974e-002
9.300242243270590e-007	1.874973e-002
1.030024224327059e-006	1.874973e-002
1.130024224327059e-006	1.874972e-002
1.230024224327059e-006	1.874972e-002
1.330024224327059e-006	1.874971e-002
1.530024224327060e-006	1.874971e-002
1.730024224327060e-006	1.874970e-002
2.030024224327060e-006	1.874970e-002
2.244309938612774e-006	1.874969e-002
2.458595652898488e-006	1.874969e-002
2.672881367184202e-006	1.874969e-002
2.887167081469916e-006	1.874969e-002
3.101452795755630e-006	1.874969e-002
3.315738510041344e-006	1.874969e-002
3.530024224327058e-006	1.874969e-002
4.415738510041345e-006	1.874968e-002
5.301452795755633e-006	1.874968e-002
6.187167081469921e-006	1.874968e-002
7.072881367184209e-006	1.874968e-002
7.958595652898496e-006	1.874968e-002
8.844309938612785e-006	1.874967e-002
9.730024224327070e-006	1.874967e-002
1.214430993861278e-005	1.874967e-002
1.455859565289848e-005	1.874966e-002
1.697288136718418e-005	1.874966e-002
1.938716708146989e-005	1.874966e-002
2.180145279575560e-005	1.874965e-002
2.421573851004130e-005	1.874965e-002
2.663002422432700e-005	1.874964e-002
2.673002422432700e-005	1.874964e-002
3.100145279575566e-005	1.874964e-002
3.527288136718432e-005	1.874963e-002
3.954430993861298e-005	1.874962e-002
4.381573851004164e-005	1.874961e-002
4.808716708147030e-005	1.874961e-002
5.235859565289896e-005	1.874960e-002
5.663002422432760e-005	1.874959e-002
5.673002422432760e-005	1.874959e-002
6.100145279575628e-005	1.874958e-002
6.527288136718496e-005	1.874958e-002
6.954430993861363e-005	1.874957e-002
7.381573851004232e-005	1.874957e-002
7.808716708147099e-005	1.874956e-002
8.235859565289966e-005	1.874955e-002
8.663002422432833e-005	1.874954e-002
8.673002422432833e-005	1.874954e-002
8.862573504942428e-005	1.874954e-002
9.052144587452023e-005	1.874954e-002
9.241715669961619e-005	1.874954e-002
9.431286752471214e-005	1.874953e-002
9.620857834980809e-005	1.874953e-002
9.810428917490404e-005	1.874953e-002
9.999999999999999e-005	1.874952e-002
1.000060000000000e-004	1.874952e-002
1.000070527024120e-004	2.009455e-002
1.000078108457306e-004	2.450391e-002
1.000085383357831e-004	3.223410e-002
1.000086459917694e-004	3.354481e-002
1.000088613037421e-004	3.616624e-002
1.000092919276875e-004	4.140908e-002
1.000100000000000e-004	5.002986e-002
1.000102124216938e-004	5.261609e-002
1.000104956506188e-004	5.606440e-002
1.000110621084688e-004	6.296102e-002
1.000121950241688e-004	7.675424e-002
1.000144608555688e-004	1.043406e-001
1.000189925183689e-004	1.595133e-001
1.000280558439691e-004	2.698579e-001
1.000461824951694e-004	4.905451e-001
1.000656683570846e-004	7.277775e-001
1.000860674417697e-004	9.761241e-001
1.001143076701183e-004	1.319925e+000
1.001475049624183e-004	1.724066e+000
1.001813597217763e-004	2.136200e+000
1.002254655055017e-004	2.673108e+000
1.002808430408113e-004	3.347202e+000
1.003512440606232e-004	4.204129e+000
1.004356158623605e-004	5.231047e+000
1.005356158623605e-004	6.448096e+000
1.006356158623605e-004	7.665054e+000
1.007356158623605e-004	8.881918e+000
1.008356158623605e-004	1.009869e+001
1.009356158623605e-004	1.131536e+001
1.010356158623605e-004	1.253195e+001
1.011356158623605e-004	1.374844e+001
1.012356158623605e-004	1.496484e+001
1.013356158623605e-004	1.618115e+001
1.014356158623605e-004	1.739737e+001
1.015356158623605e-004	1.861350e+001
1.016356158623605e-004	1.982955e+001
1.017356158623605e-004	2.104550e+001
1.018356158623605e-004	2.226136e+001
1.019356158623605e-004	2.347713e+001
1.020356158623605e-004	2.469282e+001
1.022356158623605e-004	2.712392e+001
1.024356158623605e-004	2.955468e+001
1.026356158623605e-004	3.198507e+001
1.028356158623605e-004	3.441512e+001
1.031356158623606e-004	3.805954e+001
1.034356158623606e-004	4.170317e+001
1.037356158623606e-004	4.534602e+001
1.040356158623606e-004	4.898808e+001
1.043356158623606e-004	5.262936e+001
1.046356158623606e-004	5.626985e+001
1.049356158623606e-004	5.990956e+001
1.052356158623606e-004	6.354849e+001
1.055356158623606e-004	6.718664e+001
1.058356158623606e-004	7.082400e+001
1.062070444337892e-004	7.532632e+001
1.065784730052178e-004	7.982743e+001
1.069499015766464e-004	8.432735e+001
1.073213301480749e-004	8.882607e+001
1.076927587195035e-004	9.332358e+001
1.080641872909321e-004	9.781989e+001
1.084356158623607e-004	1.023150e+002
1.089356158623607e-004	1.083642e+002
1.094356158623607e-004	1.144112e+002
1.099356158623607e-004	1.204561e+002
1.104356158623607e-004	1.264987e+002
1.109356158623607e-004	1.325391e+002
1.114356158623608e-004	1.385774e+002
1.119356158623608e-004	1.446135e+002
1.121784730052179e-004	1.475445e+002
1.124213301480751e-004	1.504750e+002
1.126641872909322e-004	1.534049e+002
1.129070444337894e-004	1.563344e+002
1.131499015766465e-004	1.592633e+002
1.133927587195037e-004	1.621917e+002
1.136356158623608e-004	1.651196e+002
1.137356158623608e-004	1.663250e+002
1.145356158623608e-004	1.759654e+002
1.153356158623608e-004	1.856002e+002
1.161356158623609e-004	1.952292e+002
1.169356158623609e-004	2.048525e+002
1.177356158623609e-004	2.144701e+002
1.185356158623609e-004	2.240820e+002
1.193356158623609e-004	2.336882e+002
1.204641872909324e-004	2.472301e+002
1.215927587195039e-004	2.607605e+002
1.227213301480753e-004	2.742792e+002
1.238499015766468e-004	2.877864e+002
1.249784730052182e-004	3.012821e+002
1.261070444337897e-004	3.147662e+002
1.272356158623611e-004	3.282387e+002
1.288356158623612e-004	3.473191e+002
1.304356158623612e-004	3.663756e+002
1.320356158623612e-004	3.854083e+002
1.336356158623613e-004	4.044171e+002
1.352356158623613e-004	4.234020e+002
1.368356158623614e-004	4.423632e+002
1.384356158623614e-004	4.613004e+002
1.391784730052185e-004	4.700844e+002
1.399213301480757e-004	4.788632e+002
1.406641872909329e-004	4.876366e+002
1.414070444337900e-004	4.964048e+002
1.421499015766472e-004	5.051678e+002
1.428927587195044e-004	5.139255e+002
1.436356158623615e-004	5.226780e+002
1.437356158623615e-004	5.238558e+002
1.463356158623616e-004	5.544461e+002
1.489356158623617e-004	5.849701e+002
1.515356158623617e-004	6.154278e+002
1.541356158623618e-004	6.458191e+002
1.567356158623618e-004	6.761440e+002
1.593356158623619e-004	7.064025e+002
1.619356158623620e-004	7.365947e+002
1.636070444337906e-004	7.559678e+002
1.652784730052192e-004	7.753124e+002
1.669499015766478e-004	7.946286e+002
1.686213301480764e-004	8.139163e+002
1.702927587195050e-004	8.331756e+002
1.719641872909336e-004	8.524065e+002
1.736356158623623e-004	8.716089e+002
1.737356158623623e-004	8.727568e+002
1.780070444337909e-004	9.216978e+002
1.822784730052196e-004	9.704441e+002
1.865499015766483e-004	1.018996e+003
1.908213301480770e-004	1.067352e+003
1.950927587195056e-004	1.115515e+003
1.993641872909343e-004	1.163482e+003
2.036356158623630e-004	1.211255e+003
2.037356158623630e-004	1.212370e+003
2.080070444337917e-004	1.259937e+003
2.122784730052203e-004	1.307297e+003
2.165499015766490e-004	1.354449e+003
2.208213301480777e-004	1.401395e+003
2.250927587195064e-004	1.448134e+003
2.293641872909350e-004	1.494665e+003
2.336356158623637e-004	1.540990e+003
2.337356158623637e-004	1.542071e+003
2.380070444337924e-004	1.588178e+003
2.422784730052211e-004	1.634065e+003
2.465499015766498e-004	1.679734e+003
2.508213301480784e-004	1.725185e+003
2.550927587195071e-004	1.770417e+003
2.593641872909358e-004	1.815430e+003
2.636356158623644e-004	1.860224e+003
2.637356158623644e-004	1.861270e+003
2.680070444337931e-004	1.905835e+003
2.722784730052218e-004	1.950171e+003
2.765499015766505e-004	1.994277e+003
2.808213301480791e-004	2.038153e+003
2.850927587195078e-004	2.081800e+003
2.893641872909365e-004	2.125218e+003
2.936356158623652e-004	2.168406e+003
2.937356158623652e-004	2.169415e+003
2.980070444337939e-004	2.212362e+003
3.022784730052225e-004	2.255071e+003
3.065499015766512e-004	2.297540e+003
3.108213301480799e-004	2.339769e+003
3.150927587195086e-004	2.381759e+003
3.193641872909373e-004	2.423510e+003
3.236356158623659e-004	2.465021e+003
3.237356158623659e-004	2.465990e+003
3.280070444337946e-004	2.507251e+003
3.322784730052232e-004	2.548263e+003
3.365499015766519e-004	2.589026e+003
3.408213301480806e-004	2.629541e+003
3.450927587195093e-004	2.669806e+003
3.493641872909380e-004	2.709824e+003
3.536356158623666e-004	2.749592e+003
3.537356158623666e-004	2.750520e+003
3.580070444337953e-004	2.790029e+003
3.622784730052240e-004	2.829281e+003
3.665499015766527e-004	2.868275e+003
3.708213301480813e-004	2.907013e+003
3.750927587195100e-004	2.945493e+003
3.793641872909387e-004	2.983716e+003
3.836356158623674e-004	3.021681e+003
3.837356158623674e-004	3.022567e+003
3.880070444337961e-004	3.060265e+003
3.922784730052247e-004	3.097698e+003
3.965499015766534e-004	3.134867e+003
4.008213301480820e-004	3.171770e+003
4.050927587195107e-004	3.208408e+003
4.093641872909394e-004	3.244782e+003
4.136356158623681e-004	3.280891e+003
4.137356158623681e-004	3.281733e+003
4.180070444337968e-004	3.317566e+003
4.222784730052254e-004	3.353128e+003
4.265499015766541e-004	3.388418e+003
4.308213301480828e-004	3.423437e+003
4.350927587195115e-004	3.458183e+003
4.393641872909402e-004	3.492658e+003
4.436356158623688e-004	3.526861e+003
4.437356158623688e-004	3.527658e+003
4.480070444337975e-004	3.561579e+003
4.522784730052262e-004	3.595223e+003
4.565499015766549e-004	3.628588e+003
4.608213301480835e-004	3.661676e+003
4.650927587195122e-004	3.694485e+003
4.693641872909409e-004	3.727017e+003
4.736356158623695e-004	3.759271e+003
4.737356158623695e-004	3.760023e+003
4.780070444337971e-004	3.791989e+003
4.822784730052245e-004	3.823672e+003
4.865499015766520e-004	3.855072e+003
4.908213301480795e-004	3.886189e+003
4.950927587195070e-004	3.917023e+003
4.993641872909345e-004	3.947573e+003
5.036356158623620e-004	3.977841e+003
5.037356158623619e-004	3.978546e+003
5.337356158623464e-004	4.182986e+003
5.637356158623309e-004	4.373141e+003
5.937356158623153e-004	4.548846e+003
6.237356158622998e-004	4.709974e+003
6.537356158622843e-004	4.856438e+003
6.837356158622687e-004	4.988187e+003
7.137356158622532e-004	5.105206e+003
7.437356158622377e-004	5.207516e+003
7.737356158622221e-004	5.295172e+003
8.037356158622066e-004	5.368267e+003
8.337356158621911e-004	5.426922e+003
8.637356158621755e-004	5.471293e+003
8.937356158621600e-004	5.501569e+003
9.181356158621474e-004	5.515948e+003
9.182356158621473e-004	5.515988e+003
9.183356158621473e-004	5.516028e+003
9.184356158621472e-004	5.516068e+003
9.185356158621471e-004	5.516107e+003
9.185907451818023e-004	5.516129e+003
9.186355840613979e-004	5.516147e+003
9.186809350289635e-004	5.516165e+003
9.187326939116850e-004	5.516186e+003
9.187808542540755e-004	5.516205e+003
9.188146080748958e-004	5.516218e+003
9.188566477916472e-004	5.516234e+003
9.189118620075687e-004	5.516256e+003
9.189726333230068e-004	5.516280e+003
9.190322814642670e-004	5.516304e+003
9.191322814642670e-004	5.516343e+003
9.192322814642669e-004	5.516382e+003
9.193322814642669e-004	5.516422e+003
9.194322814642668e-004	5.516461e+003
9.195322814642668e-004	5.516500e+003
9.196322814642667e-004	5.516540e+003
9.197322814642666e-004	5.516579e+003
9.198322814642666e-004	5.516618e+003
9.199322814642665e-004	5.516657e+003
9.200322814642665e-004	5.516696e+003
9.201322814642664e-004	5.516735e+003
9.202322814642664e-004	5.516774e+003
9.203322814642663e-004	5.516813e+003
9.204322814642663e-004	5.516852e+003
9.205322814642662e-004	5.516891e+003
9.206322814642662e-004	5.516930e+003
9.207322814642661e-004	5.516969e+003
9.208322814642661e-004	5.517008e+003
9.209322814642660e-004	5.517047e+003
9.210322814642660e-004	5.517085e+003
9.211322814642659e-004	5.517125e+003
9.212322814642659e-004	5.517163e+003
9.213322814642658e-004	5.517202e+003
9.214322814642658e-004	5.517241e+003
9.215322814642657e-004	5.517279e+003
9.216322814642657e-004	5.517318e+003
9.217322814642656e-004	5.517357e+003
9.218322814642656e-004	5.517396e+003
9.219322814642655e-004	5.517434e+003
9.221322814642654e-004	5.517511e+003
9.223322814642653e-004	5.517588e+003
9.225322814642652e-004	5.517666e+003
9.227322814642651e-004	5.517742e+003
9.229322814642650e-004	5.517819e+003
9.231322814642649e-004	5.517896e+003
9.232322814642648e-004	5.517935e+003
9.234322814642647e-004	5.518011e+003
9.237322814642646e-004	5.518126e+003
9.240322814642644e-004	5.518241e+003
9.243322814642643e-004	5.518355e+003
9.246322814642641e-004	5.518469e+003
9.249322814642640e-004	5.518583e+003
9.252322814642638e-004	5.518697e+003
9.255322814642636e-004	5.518811e+003
9.259322814642634e-004	5.518963e+003
9.263322814642632e-004	5.519114e+003
9.267322814642630e-004	5.519265e+003
9.271322814642628e-004	5.519415e+003
9.275322814642626e-004	5.519565e+003
9.279322814642624e-004	5.519715e+003
9.283322814642622e-004	5.519865e+003
9.289179957499762e-004	5.520083e+003
9.295037100356901e-004	5.520301e+003
9.300894243214041e-004	5.520518e+003
9.306751386071181e-004	5.520735e+003
9.312608528928322e-004	5.520951e+003
9.318465671785461e-004	5.521166e+003
9.324322814642601e-004	5.521380e+003
9.333322814642596e-004	5.521709e+003
9.342322814642591e-004	5.522037e+003
9.351322814642587e-004	5.522362e+003
9.360322814642582e-004	5.522687e+003
9.369322814642577e-004	5.523010e+003
9.378322814642573e-004	5.523332e+003
9.387322814642568e-004	5.523652e+003
9.401751386071132e-004	5.524162e+003
9.416179957499696e-004	5.524670e+003
9.430608528928260e-004	5.525174e+003
9.445037100356823e-004	5.525674e+003
9.459465671785388e-004	5.526172e+003
9.473894243213952e-004	5.526666e+003
9.488322814642516e-004	5.527157e+003
9.494465671785369e-004	5.527365e+003
9.500608528928224e-004	5.527572e+003
9.506751386071078e-004	5.527779e+003
9.512894243213932e-004	5.527985e+003
9.519037100356785e-004	5.528191e+003
9.525179957499640e-004	5.528396e+003
9.531322814642494e-004	5.528601e+003
9.532322814642493e-004	5.528634e+003
9.566322814642477e-004	5.529755e+003
9.600322814642459e-004	5.530861e+003
9.634322814642442e-004	5.531952e+003
9.668322814642425e-004	5.533028e+003
9.702322814642408e-004	5.534088e+003
9.736322814642392e-004	5.535133e+003
9.770322814642374e-004	5.536163e+003
9.779037100356666e-004	5.536425e+003
9.787751386070955e-004	5.536686e+003
9.796465671785247e-004	5.536946e+003
9.805179957499536e-004	5.537205e+003
9.813894243213828e-004	5.537464e+003
9.822608528928117e-004	5.537721e+003
9.831322814642409e-004	5.537978e+003
9.832322814642409e-004	5.538007e+003
9.875037100356720e-004	5.539251e+003
9.917751386071029e-004	5.540476e+003
9.960465671785340e-004	5.541683e+003
1.000317995749965e-003	5.542872e+003
1.004589424321396e-003	5.544042e+003
1.008860852892827e-003	5.545193e+003
1.013132281464258e-003	5.546327e+003
1.013232281464258e-003	5.546353e+003
1.017503710035689e-003	5.547470e+003
1.021775138607120e-003	5.548571e+003
1.026046567178551e-003	5.549658e+003
1.030317995749982e-003	5.550731e+003
1.034589424321413e-003	5.551788e+003
1.038860852892844e-003	5.552831e+003
1.043132281464275e-003	5.553858e+003
1.043232281464275e-003	5.553882e+003
1.047503710035706e-003	5.554897e+003
1.051775138607137e-003	5.555899e+003
1.056046567178568e-003	5.556889e+003
1.060317995749999e-003	5.557867e+003
1.064589424321430e-003	5.558833e+003
1.068860852892861e-003	5.559786e+003
1.073132281464292e-003	5.560728e+003
1.073232281464292e-003	5.560750e+003
1.077503710035723e-003	5.561680e+003
1.081775138607154e-003	5.562600e+003
1.086046567178585e-003	5.563510e+003
1.090317995750016e-003	5.564410e+003
1.094589424321447e-003	5.565300e+003
1.098860852892878e-003	5.566179e+003
1.103132281464309e-003	5.567049e+003
1.103232281464309e-003	5.567069e+003
1.107503710035740e-003	5.567929e+003
1.111775138607171e-003	5.568780e+003
1.116046567178602e-003	5.569622e+003
1.120317995750033e-003	5.570456e+003
1.124589424321464e-003	5.571281e+003
1.128860852892895e-003	5.572097e+003
1.133132281464326e-003	5.572905e+003
1.133232281464326e-003	5.572923e+003
1.137503710035757e-003	5.573723e+003
1.141775138607188e-003	5.574514e+003
1.146046567178619e-003	5.575298e+003
1.150317995750050e-003	5.576075e+003
1.154589424321481e-003	5.576843e+003
1.158860852892912e-003	5.577605e+003
1.163132281464343e-003	5.578358e+003
1.163232281464343e-003	5.578375e+003
1.167503710035774e-003	5.579121e+003
1.171775138607205e-003	5.579861e+003
1.176046567178636e-003	5.580593e+003
1.180317995750067e-003	5.581318e+003
1.184589424321498e-003	5.582037e+003
1.188860852892929e-003	5.582749e+003
1.193132281464360e-003	5.583455e+003
1.193232281464360e-003	5.583471e+003
1.197503710035791e-003	5.584169e+003
1.201775138607222e-003	5.584862e+003
1.206046567178653e-003	5.585548e+003
1.210317995750084e-003	5.586227e+003
1.214589424321515e-003	5.586901e+003
1.218860852892946e-003	5.587568e+003
1.223132281464377e-003	5.588229e+003
1.223232281464377e-003	5.588245e+003
1.227503710035808e-003	5.588900e+003
1.231775138607239e-003	5.589549e+003
1.236046567178670e-003	5.590192e+003
1.240317995750101e-003	5.590830e+003
1.244589424321532e-003	5.591462e+003
1.248860852892963e-003	5.592088e+003
1.253132281464394e-003	5.592708e+003
1.253232281464394e-003	5.592723e+003
1.257503710035825e-003	5.593337e+003
1.261775138607256e-003	5.593946e+003
1.266046567178687e-003	5.594550e+003
1.270317995750118e-003	5.595149e+003
1.274589424321549e-003	5.595742e+003
1.278860852892980e-003	5.596329e+003
1.283132281464411e-003	5.596912e+003
1.283232281464411e-003	5.596925e+003
1.287503710035842e-003	5.597502e+003
1.291775138607273e-003	5.598074e+003
1.296046567178704e-003	5.598640e+003
1.300317995750135e-003	5.599201e+003
1.304589424321566e-003	5.599758e+003
1.308860852892997e-003	5.600309e+003
1.313132281464428e-003	5.600855e+003
1.313232281464428e-003	5.600868e+003
1.317503710035859e-003	5.601409e+003
1.321775138607290e-003	5.601945e+003
1.326046567178721e-003	5.602476e+003
1.330317995750152e-003	5.603002e+003
1.334589424321583e-003	5.603523e+003
1.338860852893014e-003	5.604039e+003
1.343132281464445e-003	5.604550e+003
1.343232281464445e-003	5.604562e+003
1.347503710035876e-003	5.605069e+003
1.351775138607307e-003	5.605570e+003
1.356046567178738e-003	5.606067e+003
1.360317995750169e-003	5.606559e+003
1.364589424321600e-003	5.607047e+003
1.368860852893031e-003	5.607529e+003
1.373132281464462e-003	5.608007e+003
1.373232281464462e-003	5.608019e+003
1.377503710035893e-003	5.608492e+003
1.381775138607324e-003	5.608960e+003
1.386046567178755e-003	5.609424e+003
1.390317995750186e-003	5.609883e+003
1.394589424321617e-003	5.610338e+003
1.398860852893048e-003	5.610788e+003
1.403132281464479e-003	5.611234e+003
1.403232281464479e-003	5.611244e+003
1.407503710035910e-003	5.611685e+003
1.411775138607341e-003	5.612122e+003
1.416046567178772e-003	5.612554e+003
1.420317995750203e-003	5.612981e+003
1.424589424321634e-003	5.613404e+003
1.428860852893065e-003	5.613823e+003
1.433132281464496e-003	5.614237e+003
1.433232281464496e-003	5.614247e+003
1.437503710035927e-003	5.614656e+003
1.441775138607358e-003	5.615061e+003
1.446046567178789e-003	5.615462e+003
1.450317995750220e-003	5.615858e+003
1.454589424321651e-003	5.616250e+003
1.458860852893082e-003	5.616638e+003
1.463132281464513e-003	5.617021e+003
1.463232281464513e-003	5.617030e+003
1.467503710035944e-003	5.617409e+003
1.471775138607375e-003	5.617784e+003
1.476046567178806e-003	5.618154e+003
1.480317995750237e-003	5.618520e+003
1.484589424321668e-003	5.618882e+003
1.488860852893099e-003	5.619240e+003
1.493132281464530e-003	5.619593e+003
1.493232281464530e-003	5.619601e+003
1.497503710035961e-003	5.619950e+003
1.501775138607392e-003	5.620295e+003
1.506046567178823e-003	5.620635e+003
1.510317995750254e-003	5.620971e+003
1.514589424321685e-003	5.621303e+003
1.518860852893116e-003	5.621631e+003
1.523132281464547e-003	5.621955e+003
1.523232281464547e-003	5.621962e+003
1.527503710035978e-003	5.622282e+003
1.531775138607409e-003	5.622597e+003
1.536046567178840e-003	5.622908e+003
1.540317995750271e-003	5.623216e+003
1.544589424321702e-003	5.623519e+003
1.548860852893133e-003	5.623817e+003
1.553132281464564e-003	5.624112e+003
1.553232281464564e-003	5.624119e+003
1.583232281464581e-003	5.626074e+003
1.613232281464598e-003	5.627832e+003
1.643232281464615e-003	5.629394e+003
1.673232281464632e-003	5.630765e+003
1.703232281464649e-003	5.631947e+003
1.733232281464666e-003	5.632943e+003
1.763232281464683e-003	5.633756e+003
1.793232281464700e-003	5.634389e+003
1.823232281464717e-003	5.634845e+003
1.853232281464734e-003	5.635125e+003
1.857503710036165e-003	5.635151e+003
1.861775138607596e-003	5.635173e+003
1.866046567179027e-003	5.635192e+003
1.870317995750458e-003	5.635207e+003
1.874589424321889e-003	5.635219e+003
1.878860852893320e-003	5.635228e+003
1.883132281464751e-003	5.635232e+003
1.883232281464751e-003	5.635233e+003
1.887503710036182e-003	5.635234e+003
1.891775138607613e-003	5.635232e+003
1.896046567179044e-003	5.635227e+003
1.900317995750475e-003	5.635218e+003
1.904589424321906e-003	5.635206e+003
1.908860852893337e-003	5.635190e+003
1.913132281464768e-003	5.635171e+003
1.913232281464768e-003	5.635171e+003
1.943232281464785e-003	5.634941e+003
1.973232281464758e-003	5.634547e+003
2.003232281464710e-003	5.633990e+003
2.033232281464662e-003	5.633273e+003
2.063232281464614e-003	5.632399e+003
2.093232281464566e-003	5.631369e+003
2.123232281464518e-003	5.630187e+003
2.153232281464470e-003	5.628853e+003
2.183232281464421e-003	5.627371e+003
2.213232281464373e-003	5.625742e+003
2.243232281464325e-003	5.623969e+003
2.273232281464277e-003	5.622055e+003
2.303232281464229e-003	5.620000e+003
2.333232281464181e-003	5.617809e+003
2.363232281464133e-003	5.615481e+003
2.393232281464085e-003	5.613020e+003
2.423232281464037e-003	5.610427e+003
2.453232281463989e-003	5.607705e+003
2.483232281463941e-003	5.604854e+003
2.513232281463893e-003	5.601879e+003
2.543232281463845e-003	5.598780e+003
2.573232281463797e-003	5.595559e+003
2.603232281463749e-003	5.592218e+003
2.633232281463701e-003	5.588759e+003
2.663232281463653e-003	5.585184e+003
2.693232281463604e-003	5.581494e+003
2.723232281463556e-003	5.577692e+003
2.753232281463508e-003	5.573778e+003
2.783232281463460e-003	5.569756e+003
2.813232281463412e-003	5.565626e+003
2.843232281463364e-003	5.561391e+003
2.873232281463316e-003	5.557052e+003
2.903232281463268e-003	5.552610e+003
2.933232281463220e-003	5.548067e+003
2.963232281463172e-003	5.543426e+003
2.993232281463124e-003	5.538686e+003
3.023232281463076e-003	5.533851e+003
3.053232281463028e-003	5.528921e+003
3.083232281462980e-003	5.523898e+003
3.113232281462932e-003	5.518784e+003
3.143232281462884e-003	5.513581e+003
3.173232281462836e-003	5.508288e+003
3.203232281462787e-003	5.502908e+003
3.233232281462739e-003	5.497443e+003
3.263232281462691e-003	5.491894e+003
3.293232281462643e-003	5.486262e+003
3.323232281462595e-003	5.480549e+003
3.353232281462547e-003	5.474756e+003
3.383232281462499e-003	5.468884e+003
3.413232281462451e-003	5.462935e+003
3.443232281462403e-003	5.456909e+003
3.473232281462355e-003	5.450809e+003
3.503232281462307e-003	5.444636e+003
3.533232281462259e-003	5.438390e+003
3.563232281462211e-003	5.432073e+003
3.593232281462163e-003	5.425687e+003
3.623232281462115e-003	5.419231e+003
3.653232281462067e-003	5.412709e+003
3.683232281462018e-003	5.406121e+003
3.713232281461970e-003	5.399467e+003
3.743232281461922e-003	5.392750e+003
3.773232281461874e-003	5.385970e+003
3.803232281461826e-003	5.379129e+003
3.833232281461778e-003	5.372227e+003
3.863232281461730e-003	5.365266e+003
3.893232281461682e-003	5.358246e+003
3.923232281461708e-003	5.351169e+003
3.953232281461790e-003	5.344036e+003
3.983232281461872e-003	5.336847e+003
4.013232281461954e-003	5.329605e+003
4.043232281462036e-003	5.322310e+003
4.073232281462118e-003	5.314961e+003
4.103232281462200e-003	5.307563e+003
4.133232281462282e-003	5.300114e+003
4.163232281462364e-003	5.292616e+003
4.193232281462446e-003	5.285069e+003
4.223232281462528e-003	5.277475e+003
4.253232281462610e-003	5.269835e+003
4.283232281462692e-003	5.262149e+003
4.313232281462774e-003	5.254418e+003
4.343232281462856e-003	5.246644e+003
4.373232281462938e-003	5.238827e+003
4.403232281463020e-003	5.230968e+003
4.433232281463102e-003	5.223068e+003
4.463232281463185e-003	5.215127e+003
4.493232281463267e-003	5.207147e+003
4.523232281463349e-003	5.199128e+003
4.553232281463431e-003	5.191072e+003
4.583232281463513e-003	5.182978e+003
4.613232281463595e-003	5.174848e+003
4.643232281463677e-003	5.166683e+003
4.673232281463759e-003	5.158482e+003
4.703232281463841e-003	5.150248e+003
4.733232281463923e-003	5.141980e+003
4.763232281464005e-003	5.133680e+003
4.793232281464087e-003	5.125348e+003
4.823232281464169e-003	5.116985e+003
4.853232281464251e-003	5.108592e+003
4.883232281464333e-003	5.100169e+003
4.913232281464415e-003	5.091717e+003
4.943232281464497e-003	5.083236e+003
4.973232281464579e-003	5.074729e+003
5.003232281464661e-003	5.066193e+003
5.033232281464743e-003	5.057632e+003
5.063232281464825e-003	5.049045e+003
5.093232281464907e-003	5.040433e+003
5.123232281464990e-003	5.031796e+003
5.153232281465072e-003	5.023136e+003
5.183232281465154e-003	5.014452e+003
5.213232281465236e-003	5.005746e+003
5.243232281465318e-003	4.997017e+003
5.273232281465400e-003	4.988267e+003
5.303232281465482e-003	4.979497e+003
5.333232281465564e-003	4.970706e+003
5.363232281465646e-003	4.961895e+003
5.393232281465728e-003	4.953065e+003
5.423232281465810e-003	4.944216e+003
5.453232281465892e-003	4.935349e+003
5.483232281465974e-003	4.926465e+003
5.513232281466056e-003	4.917563e+003
5.543232281466138e-003	4.908646e+003
5.573232281466220e-003	4.899711e+003
5.603232281466302e-003	4.890762e+003
5.633232281466384e-003	4.881797e+003
5.663232281466466e-003	4.872818e+003
5.693232281466548e-003	4.863825e+003
5.723232281466630e-003	4.854818e+003
5.753232281466712e-003	4.845798e+003
5.783232281466794e-003	4.836766e+003
5.813232281466877e-003	4.827721e+003
5.843232281466959e-003	4.818664e+003
5.873232281467041e-003	4.809596e+003
5.903232281467123e-003	4.800517e+003
5.933232281467205e-003	4.791428e+003
5.963232281467287e-003	4.782329e+003
5.993232281467369e-003	4.773219e+003
6.023232281467451e-003	4.764101e+003
6.053232281467533e-003	4.754974e+003
6.083232281467615e-003	4.745839e+003
6.113232281467697e-003	4.736695e+003
6.143232281467779e-003	4.727544e+003
6.173232281467861e-003	4.718386e+003
6.203232281467943e-003	4.709221e+003
6.233232281468025e-003	4.700050e+003
6.263232281468107e-003	4.690872e+003
6.293232281468189e-003	4.681689e+003
6.323232281468271e-003	4.672500e+003
6.353232281468353e-003	4.663306e+003
6.383232281468435e-003	4.654108e+003
6.413232281468517e-003	4.644905e+003
6.443232281468599e-003	4.635698e+003
6.473232281468682e-003	4.626488e+003
6.503232281468764e-003	4.617274e+003
6.533232281468846e-003	4.608057e+003
6.563232281468928e-003	4.598837e+003
6.593232281469010e-003	4.589616e+003
6.623232281469092e-003	4.580392e+003
6.653232281469174e-003	4.571166e+003
6.683232281469256e-003	4.561938e+003
6.713232281469338e-003	4.552710e+003
6.743232281469420e-003	4.543481e+003
6.773232281469502e-003	4.534251e+003
6.803232281469584e-003	4.525021e+003
6.833232281469666e-003	4.515791e+003
6.863232281469748e-003	4.506561e+003
6.893232281469830e-003	4.497332e+003
6.923232281469912e-003	4.488103e+003
6.953232281469994e-003	4.478875e+003
6.983232281470076e-003	4.469649e+003
7.013232281470158e-003	4.460425e+003
7.043232281470240e-003	4.451202e+003
7.073232281470322e-003	4.441981e+003
7.103232281470404e-003	4.432763e+003
7.133232281470486e-003	4.423547e+003
7.163232281470569e-003	4.414334e+003
7.193232281470651e-003	4.405125e+003
7.223232281470733e-003	4.395917e+003
7.253232281470815e-003	4.386714e+003
7.283232281470897e-003	4.377515e+003
7.313232281470979e-003	4.368319e+003
7.343232281471061e-003	4.359128e+003
7.373232281471143e-003	4.349941e+003
7.403232281471225e-003	4.340758e+003
7.433232281471307e-003	4.331581e+003
7.463232281471389e-003	4.322408e+003
7.493232281471471e-003	4.313241e+003
7.523232281471553e-003	4.304079e+003
7.553232281471635e-003	4.294922e+003
7.583232281471717e-003	4.285771e+003
7.613232281471799e-003	4.276626e+003
7.643232281471881e-003	4.267488e+003
7.673232281471963e-003	4.258355e+003
7.703232281472045e-003	4.249229e+003
7.733232281472127e-003	4.240110e+003
7.763232281472209e-003	4.230999e+003
7.793232281472291e-003	4.221893e+003
7.823232281472281e-003	4.212795e+003
7.853232281472103e-003	4.203705e+003
7.883232281471924e-003	4.194622e+003
7.913232281471746e-003	4.185546e+003
7.943232281471568e-003	4.176479e+003
7.973232281471390e-003	4.167419e+003
8.003232281471212e-003	4.158368e+003
8.033232281471034e-003	4.149325e+003
8.063232281470855e-003	4.140290e+003
8.093232281470677e-003	4.131264e+003
8.123232281470499e-003	4.122247e+003
8.153232281470321e-003	4.113239e+003
8.183232281470143e-003	4.104239e+003
8.213232281469965e-003	4.095249e+003
8.243232281469786e-003	4.086268e+003
8.273232281469608e-003	4.077297e+003
8.303232281469430e-003	4.068335e+003
8.333232281469252e-003	4.059383e+003
8.363232281469074e-003	4.050441e+003
8.393232281468896e-003	4.041508e+003
8.423232281468717e-003	4.032586e+003
8.453232281468539e-003	4.023674e+003
8.483232281468361e-003	4.014772e+003
8.513232281468183e-003	4.005881e+003
8.543232281468005e-003	3.997000e+003
8.573232281467827e-003	3.988130e+003
8.603232281467648e-003	3.979270e+003
8.633232281467470e-003	3.970421e+003
8.663232281467292e-003	3.961584e+003
8.693232281467114e-003	3.952757e+003
8.723232281466936e-003	3.943942e+003
8.753232281466758e-003	3.935138e+003
8.783232281466579e-003	3.926345e+003
8.813232281466401e-003	3.917563e+003
8.843232281466223e-003	3.908794e+003
8.873232281466045e-003	3.900036e+003
8.903232281465867e-003	3.891289e+003
8.933232281465689e-003	3.882555e+003
8.963232281465510e-003	3.873832e+003
8.993232281465332e-003	3.865121e+003
9.023232281465154e-003	3.856423e+003
9.053232281464976e-003	3.847736e+003
9.083232281464798e-003	3.839062e+003
9.113232281464620e-003	3.830400e+003
9.143232281464441e-003	3.821751e+003
9.173232281464263e-003	3.813114e+003
9.203232281464085e-003	3.804490e+003
9.233232281463907e-003	3.795878e+003
9.263232281463729e-003	3.787279e+003
9.293232281463551e-003	3.778693e+003
9.323232281463372e-003	3.770119e+003
9.353232281463194e-003	3.761559e+003
9.383232281463016e-003	3.753011e+003
9.413232281462838e-003	3.744477e+003
9.443232281462660e-003	3.735956e+003
9.473232281462482e-003	3.727448e+003
9.503232281462304e-003	3.718953e+003
9.533232281462125e-003	3.710471e+003
9.563232281461947e-003	3.702003e+003
9.593232281461769e-003	3.693548e+003
9.623232281461591e-003	3.685106e+003
9.653232281461413e-003	3.676679e+003
9.683232281461235e-003	3.668264e+003
9.713232281461056e-003	3.659864e+003
9.743232281460878e-003	3.651477e+003
9.773232281460700e-003	3.643104e+003
9.803232281460522e-003	3.634744e+003
9.833232281460344e-003	3.626398e+003
9.863232281460166e-003	3.618067e+003
9.893232281459987e-003	3.609749e+003
9.923232281459809e-003	3.601445e+003
9.953232281459631e-003	3.593155e+003
9.983232281459453e-003	3.584879e+003
1.001323228145928e-002	3.576618e+003
1.004323228145910e-002	3.568370e+003
1.007323228145892e-002	3.560137e+003
1.010323228145874e-002	3.551918e+003
1.013323228145856e-002	3.543713e+003
1.016323228145838e-002	3.535522e+003
1.019323228145821e-002	3.527346e+003
1.022323228145803e-002	3.519184e+003
1.025323228145785e-002	3.511036e+003
1.028323228145767e-002	3.502903e+003
1.031323228145749e-002	3.494784e+003
1.034323228145732e-002	3.486680e+003
1.037323228145714e-002	3.478591e+003
1.040323228145696e-002	3.470515e+003
1.043323228145678e-002	3.462455e+003
1.046323228145660e-002	3.454409e+003
1.049323228145642e-002	3.446378e+003
1.052323228145625e-002	3.438361e+003
1.055323228145607e-002	3.430359e+003
1.058323228145589e-002	3.422372e+003
1.061323228145571e-002	3.414399e+003
1.064323228145553e-002	3.406441e+003
1.067323228145536e-002	3.398498e+003
1.070323228145518e-002	3.390570e+003
1.073323228145500e-002	3.382656e+003
1.076323228145482e-002	3.374758e+003
1.079323228145464e-002	3.366874e+003
1.082323228145446e-002	3.359005e+003
1.085323228145429e-002	3.351151e+003
1.088323228145411e-002	3.343312e+003
1.091323228145393e-002	3.335488e+003
1.094323228145375e-002	3.327679e+003
1.097323228145357e-002	3.319885e+003
1.100323228145340e-002	3.312105e+003
1.103323228145322e-002	3.304341e+003
1.106323228145304e-002	3.296591e+003
1.109323228145286e-002	3.288857e+003
1.112323228145268e-002	3.281138e+003
1.115323228145250e-002	3.273433e+003
1.118323228145233e-002	3.265744e+003
1.121323228145215e-002	3.258070e+003
1.124323228145197e-002	3.250411e+003
1.127323228145179e-002	3.242766e+003
1.130323228145161e-002	3.235137e+003
1.133323228145144e-002	3.227523e+003
1.136323228145126e-002	3.219925e+003
1.139323228145108e-002	3.212341e+003
1.142323228145090e-002	3.204772e+003
1.145323228145072e-002	3.197218e+003
1.148323228145055e-002	3.189680e+003
1.151323228145037e-002	3.182156e+003
1.154323228145019e-002	3.174648e+003
1.157323228145001e-002	3.167155e+003
1.160323228144983e-002	3.159677e+003
1.163323228144965e-002	3.152214e+003
1.166323228144948e-002	3.144766e+003
1.169323228144930e-002	3.137333e+003
1.172323228144912e-002	3.129916e+003
1.175323228144894e-002	3.122514e+003
1.178323228144876e-002	3.115126e+003
1.181323228144859e-002	3.107754e+003
1.184323228144841e-002	3.100397e+003
1.187323228144823e-002	3.093055e+003
1.190323228144805e-002	3.085728e+003
1.193323228144787e-002	3.078417e+003
1.196323228144769e-002	3.071120e+003
1.199323228144752e-002	3.063839e+003
1.202323228144734e-002	3.056572e+003
1.205323228144716e-002	3.049321e+003
1.208323228144698e-002	3.042085e+003
1.211323228144680e-002	3.034864e+003
1.214323228144663e-002	3.027658e+003
1.217323228144645e-002	3.020467e+003
1.220323228144627e-002	3.013291e+003
1.223323228144609e-002	3.006130e+003
1.226323228144591e-002	2.998985e+003
1.229323228144573e-002	2.991854e+003
1.232323228144556e-002	2.984738e+003
1.235323228144538e-002	2.977638e+003
1.238323228144520e-002	2.970552e+003
1.241323228144502e-002	2.963482e+003
1.244323228144484e-002	2.956426e+003
1.247323228144467e-002	2.949386e+003
1.250323228144449e-002	2.942360e+003
1.253323228144431e-002	2.935350e+003
1.256323228144413e-002	2.928354e+003
1.259323228144395e-002	2.921374e+003
1.262323228144377e-002	2.914408e+003
1.265323228144360e-002	2.907458e+003
1.268323228144342e-002	2.900522e+003
1.271323228144324e-002	2.893601e+003
1.274323228144306e-002	2.886696e+003
1.277323228144288e-002	2.879805e+003
1.280323228144271e-002	2.872929e+003
1.283323228144253e-002	2.866067e+003
1.286323228144235e-002	2.859221e+003
1.289323228144217e-002	2.852390e+003
1.292323228144199e-002	2.845573e+003
1.295323228144182e-002	2.838771e+003
1.298323228144164e-002	2.831984e+003
1.301323228144146e-002	2.825212e+003
1.304323228144128e-002	2.818455e+003
1.307323228144110e-002	2.811712e+003
1.310323228144092e-002	2.804984e+003
1.313323228144075e-002	2.798271e+003
1.316323228144057e-002	2.791573e+003
1.319323228144039e-002	2.784889e+003
1.322323228144021e-002	2.778220e+003
1.325323228144003e-002	2.771566e+003
1.328323228143986e-002	2.764926e+003
1.331323228143968e-002	2.758301e+003
1.334323228143950e-002	2.751690e+003
1.337323228143932e-002	2.745095e+003
1.340323228143914e-002	2.738513e+003
1.343323228143896e-002	2.731947e+003
1.346323228143879e-002	2.725395e+003
1.349323228143861e-002	2.718857e+003
1.352323228143843e-002	2.712334e+003
1.355323228143825e-002	2.705826e+003
1.358323228143807e-002	2.699332e+003
1.361323228143790e-002	2.692852e+003
1.364323228143772e-002	2.686387e+003
1.367323228143754e-002	2.679937e+003
1.370323228143736e-002	2.673500e+003
1.373323228143718e-002	2.667079e+003
1.376323228143700e-002	2.660671e+003
1.379323228143683e-002	2.654278e+003
1.382323228143665e-002	2.647899e+003
1.385323228143647e-002	2.641535e+003
1.388323228143629e-002	2.635185e+003
1.391323228143611e-002	2.628849e+003
1.394323228143594e-002	2.622527e+003
1.397323228143576e-002	2.616220e+003
1.400323228143558e-002	2.609927e+003
1.403323228143540e-002	2.603648e+003
1.406323228143522e-002	2.597383e+003
1.409323228143504e-002	2.591133e+003
1.412323228143487e-002	2.584896e+003
1.415323228143469e-002	2.578674e+003
1.418323228143451e-002	2.572466e+003
1.421323228143433e-002	2.566271e+003
1.424323228143415e-002	2.560092e+003
1.427323228143398e-002	2.553926e+003
1.430323228143380e-002	2.547773e+003
1.433323228143362e-002	2.541635e+003
1.436323228143344e-002	2.535511e+003
1.439323228143326e-002	2.529401e+003
1.442323228143309e-002	2.523305e+003
1.445323228143291e-002	2.517223e+003
1.448323228143273e-002	2.511155e+003
1.451323228143255e-002	2.505100e+003
1.454323228143237e-002	2.499059e+003
1.457323228143219e-002	2.493032e+003
1.460323228143202e-002	2.487020e+003
1.463323228143184e-002	2.481020e+003
1.466323228143166e-002	2.475035e+003
1.469323228143148e-002	2.469063e+003
1.472323228143130e-002	2.463105e+003
1.475323228143113e-002	2.457160e+003
1.478323228143095e-002	2.451230e+003
1.481323228143077e-002	2.445313e+003
1.484323228143059e-002	2.439409e+003
1.487323228143041e-002	2.433519e+003
1.490323228143023e-002	2.427643e+003
1.493323228143006e-002	2.421780e+003
1.496323228142988e-002	2.415931e+003
1.499323228142970e-002	2.410095e+003
1.502323228142952e-002	2.404273e+003
1.505323228142934e-002	2.398464e+003
1.508323228142917e-002	2.392669e+003
1.511323228142899e-002	2.386887e+003
1.514323228142881e-002	2.381118e+003
1.517323228142863e-002	2.375363e+003
1.520323228142845e-002	2.369621e+003
1.523323228142827e-002	2.363893e+003
1.526323228142810e-002	2.358177e+003
1.529323228142792e-002	2.352475e+003
1.532323228142774e-002	2.346786e+003
1.535323228142756e-002	2.341111e+003
1.538323228142738e-002	2.335448e+003
1.541323228142721e-002	2.329799e+003
1.544323228142703e-002	2.324163e+003
1.547323228142685e-002	2.318540e+003
1.550323228142667e-002	2.312931e+003
1.553323228142649e-002	2.307334e+003
1.556323228142631e-002	2.301750e+003
1.559323228142614e-002	2.296179e+003
1.562323228142596e-002	2.290622e+003
1.565323228142578e-002	2.285077e+003
1.568323228142560e-002	2.279545e+003
1.571323228142543e-002	2.274027e+003
1.574323228142525e-002	2.268521e+003
1.577323228142507e-002	2.263028e+003
1.580323228142489e-002	2.257548e+003
1.583323228142471e-002	2.252080e+003
1.586323228142453e-002	2.246626e+003
1.589323228142436e-002	2.241184e+003
1.592323228142418e-002	2.235755e+003
1.595323228142400e-002	2.230339e+003
1.598323228142382e-002	2.224935e+003
1.601323228142364e-002	2.219544e+003
1.604323228142347e-002	2.214166e+003
1.607323228142329e-002	2.208801e+003
1.610323228142311e-002	2.203448e+003
1.613323228142293e-002	2.198107e+003
1.616323228142275e-002	2.192780e+003
1.619323228142258e-002	2.187464e+003
1.622323228142240e-002	2.182161e+003
1.625323228142222e-002	2.176871e+003
1.628323228142204e-002	2.171593e+003
1.631323228142186e-002	2.166328e+003
1.634323228142168e-002	2.161075e+003
1.637323228142151e-002	2.155834e+003
1.640323228142133e-002	2.150606e+003
1.643323228142115e-002	2.145390e+003
1.646323228142097e-002	2.140187e+003
1.649323228142079e-002	2.134996e+003
1.652323228142062e-002	2.129817e+003
1.655323228142044e-002	2.124650e+003
1.658323228142026e-002	2.119495e+003
1.661323228142008e-002	2.114353e+003
1.664323228141990e-002	2.109223e+003
1.667323228141972e-002	2.104105e+003
1.670323228141955e-002	2.098999e+003
1.673323228141937e-002	2.093905e+003
1.676323228141919e-002	2.088823e+003
1.679323228141901e-002	2.083753e+003
1.682323228141883e-002	2.078696e+003
1.685323228141866e-002	2.073650e+003
1.688323228141848e-002	2.068616e+003
1.691323228141830e-002	2.063594e+003
1.694323228141812e-002	2.058585e+003
1.697323228141794e-002	2.053587e+003
1.700323228141776e-002	2.048601e+003
1.703323228141759e-002	2.043626e+003
1.706323228141741e-002	2.038664e+003
1.709323228141723e-002	2.033713e+003
1.712323228141705e-002	2.028774e+003
1.715323228141687e-002	2.023847e+003
1.718323228141670e-002	2.018932e+003
1.721323228141652e-002	2.014028e+003
1.724323228141634e-002	2.009136e+003
1.727323228141616e-002	2.004255e+003
1.730323228141598e-002	1.999387e+003
1.733323228141580e-002	1.994529e+003
1.736323228141563e-002	1.989684e+003
1.739323228141545e-002	1.984850e+003
1.742323228141527e-002	1.980027e+003
1.745323228141509e-002	1.975216e+003
1.748323228141491e-002	1.970416e+003
1.751323228141474e-002	1.965628e+003
1.754323228141456e-002	1.960852e+003
1.757323228141438e-002	1.956086e+003
1.760323228141420e-002	1.951332e+003
1.763323228141402e-002	1.946590e+003
1.766323228141385e-002	1.941858e+003
1.769323228141367e-002	1.937138e+003
1.772323228141349e-002	1.932430e+003
1.775323228141331e-002	1.927732e+003
1.778323228141313e-002	1.923046e+003
1.781323228141295e-002	1.918371e+003
1.784323228141278e-002	1.913707e+003
1.787323228141260e-002	1.909055e+003
1.790323228141242e-002	1.904413e+003
1.793323228141224e-002	1.899783e+003
1.796323228141206e-002	1.895163e+003
1.799323228141189e-002	1.890555e+003
1.802323228141171e-002	1.885958e+003
1.805323228141153e-002	1.881372e+003
1.808323228141135e-002	1.876796e+003
1.811323228141117e-002	1.872232e+003
1.814323228141099e-002	1.867679e+003
1.817323228141082e-002	1.863136e+003
1.820323228141064e-002	1.858605e+003
1.823323228141046e-002	1.854084e+003
1.826323228141028e-002	1.849574e+003
1.829323228141010e-002	1.845075e+003
1.832323228140993e-002	1.840587e+003
1.835323228140975e-002	1.836109e+003
1.838323228140957e-002	1.831643e+003
1.841323228140939e-002	1.827187e+003
1.844323228140921e-002	1.822742e+003
1.847323228140903e-002	1.818307e+003
1.850323228140886e-002	1.813883e+003
1.853323228140868e-002	1.809470e+003
1.856323228140850e-002	1.805067e+003
1.859323228140832e-002	1.800675e+003
1.862323228140814e-002	1.796293e+003
1.865323228140797e-002	1.791922e+003
1.868323228140779e-002	1.787562e+003
1.871323228140761e-002	1.783212e+003
1.874323228140743e-002	1.778872e+003
1.877323228140725e-002	1.774543e+003
1.880323228140707e-002	1.770224e+003
1.883323228140690e-002	1.765916e+003
1.886323228140672e-002	1.761618e+003
1.889323228140654e-002	1.757330e+003
1.892323228140636e-002	1.753053e+003
1.895323228140618e-002	1.748786e+003
1.898323228140601e-002	1.744529e+003
1.901323228140583e-002	1.740283e+003
1.904323228140565e-002	1.736046e+003
1.907323228140547e-002	1.731820e+003
1.910323228140529e-002	1.727604e+003
1.913323228140512e-002	1.723399e+003
1.916323228140494e-002	1.719203e+003
1.919323228140476e-002	1.715018e+003
1.922323228140458e-002	1.710842e+003
1.925323228140440e-002	1.706677e+003
1.928323228140422e-002	1.702522e+003
1.931323228140405e-002	1.698376e+003
1.934323228140387e-002	1.694241e+003
1.937323228140369e-002	1.690116e+003
1.940323228140351e-002	1.686001e+003
1.943323228140333e-002	1.681895e+003
1.946323228140316e-002	1.677800e+003
1.949323228140298e-002	1.673714e+003
1.952323228140280e-002	1.669639e+003
1.955323228140262e-002	1.665573e+003
1.958323228140244e-002	1.661517e+003
1.961323228140226e-002	1.657470e+003
1.964323228140209e-002	1.653434e+003
1.967323228140191e-002	1.649407e+003
1.970323228140173e-002	1.645390e+003
1.973323228140155e-002	1.641383e+003
1.976323228140137e-002	1.637385e+003
1.979323228140120e-002	1.633397e+003
1.982323228140102e-002	1.629419e+003
1.985323228140084e-002	1.625450e+003
1.988323228140066e-002	1.621491e+003
1.991323228140048e-002	1.617542e+003
1.994323228140030e-002	1.613602e+003
1.997323228140013e-002	1.609671e+003
2.000323228139995e-002	1.605750e+003
2.003323228139977e-002	1.601839e+003
2.006323228139959e-002	1.597937e+003
2.009323228139941e-002	1.594044e+003
2.012323228139924e-002	1.590161e+003
2.015323228139906e-002	1.586287e+003
2.018323228139888e-002	1.582423e+003
2.021323228139870e-002	1.578568e+003
2.024323228139852e-002	1.574722e+003
2.027323228139834e-002	1.570886e+003
2.030323228139817e-002	1.567059e+003
2.033323228139799e-002	1.563241e+003
2.036323228139781e-002	1.559432e+003
2.039323228139763e-002	1.555633e+003
2.042323228139745e-002	1.551843e+003
2.045323228139728e-002	1.548062e+003
2.048323228139710e-002	1.544290e+003
2.051323228139692e-002	1.540527e+003
2.054323228139674e-002	1.536774e+003
2.057323228139656e-002	1.533029e+003
2.060323228139638e-002	1.529294e+003
2.063323228139621e-002	1.525568e+003
2.066323228139603e-002	1.521850e+003
2.069323228139585e-002	1.518142e+003
2.072323228139567e-002	1.514443e+003
2.075323228139549e-002	1.510752e+003
2.078323228139532e-002	1.507071e+003
2.081323228139514e-002	1.503398e+003
2.084323228139496e-002	1.499735e+003
2.087323228139478e-002	1.496080e+003
2.090323228139460e-002	1.492434e+003
2.093323228139443e-002	1.488797e+003
2.096323228139425e-002	1.485169e+003
2.099323228139407e-002	1.481550e+003
2.102323228139389e-002	1.477939e+003
2.105323228139371e-002	1.474337e+003
2.108323228139353e-002	1.470744e+003
2.111323228139336e-002	1.467160e+003
2.114323228139318e-002	1.463584e+003
2.117323228139300e-002	1.460017e+003
2.120323228139282e-002	1.456459e+003
2.123323228139264e-002	1.452909e+003
2.126323228139247e-002	1.449368e+003
2.129323228139229e-002	1.445836e+003
2.132323228139211e-002	1.442312e+003
2.135323228139193e-002	1.438797e+003
2.138323228139175e-002	1.435290e+003
2.141323228139157e-002	1.431791e+003
2.144323228139140e-002	1.428302e+003
2.147323228139122e-002	1.424820e+003
2.150323228139104e-002	1.421347e+003
2.153323228139086e-002	1.417883e+003
2.156323228139068e-002	1.414427e+003
2.159323228139051e-002	1.410979e+003
2.162323228139033e-002	1.407540e+003
2.165323228139015e-002	1.404109e+003
2.168323228138997e-002	1.400687e+003
2.171323228138979e-002	1.397272e+003
2.174323228138961e-002	1.393866e+003
2.177323228138944e-002	1.390469e+003
2.180323228138926e-002	1.387079e+003
2.183323228138908e-002	1.383698e+003
2.186323228138890e-002	1.380325e+003
2.189323228138872e-002	1.376961e+003
2.192323228138855e-002	1.373604e+003
2.195323228138837e-002	1.370255e+003
2.198323228138819e-002	1.366915e+003
2.201323228138801e-002	1.363583e+003
2.204323228138783e-002	1.360259e+003
2.207323228138765e-002	1.356943e+003
2.210323228138748e-002	1.353635e+003
2.213323228138730e-002	1.350335e+003
2.216323228138712e-002	1.347043e+003
2.219323228138694e-002	1.343760e+003
2.222323228138676e-002	1.340484e+003
2.225323228138659e-002	1.337216e+003
2.228323228138641e-002	1.333956e+003
2.231323228138623e-002	1.330704e+003
2.234323228138605e-002	1.327460e+003
2.237323228138587e-002	1.324224e+003
2.240323228138570e-002	1.320995e+003
2.243323228138552e-002	1.317775e+003
2.246323228138534e-002	1.314562e+003
2.249323228138516e-002	1.311357e+003
2.252323228138498e-002	1.308160e+003
2.255323228138480e-002	1.304971e+003
2.258323228138463e-002	1.301790e+003
2.261323228138445e-002	1.298616e+003
2.264323228138427e-002	1.295450e+003
2.267323228138409e-002	1.292292e+003
2.270323228138391e-002	1.289141e+003
2.273323228138374e-002	1.285998e+003
2.276323228138356e-002	1.282863e+003
2.279323228138338e-002	1.279735e+003
2.282323228138320e-002	1.276615e+003
2.285323228138302e-002	1.273502e+003
2.288323228138284e-002	1.270397e+003
2.291323228138267e-002	1.267300e+003
2.294323228138249e-002	1.264210e+003
2.297323228138231e-002	1.261128e+003
2.300323228138213e-002	1.258053e+003
2.303323228138195e-002	1.254986e+003
2.306323228138178e-002	1.251926e+003
2.309323228138160e-002	1.248874e+003
2.312323228138142e-002	1.245829e+003
2.315323228138124e-002	1.242791e+003
2.318323228138106e-002	1.239761e+003
2.321323228138088e-002	1.236739e+003
2.324323228138071e-002	1.233723e+003
2.327323228138053e-002	1.230715e+003
2.330323228138035e-002	1.227714e+003
2.333323228138017e-002	1.224721e+003
2.336323228137999e-002	1.221735e+003
2.339323228137982e-002	1.218756e+003
2.342323228137964e-002	1.215785e+003
2.345323228137946e-002	1.212820e+003
2.348323228137928e-002	1.209863e+003
2.351323228137910e-002	1.206913e+003
2.354323228137892e-002	1.203971e+003
2.357323228137875e-002	1.201035e+003
2.360323228137857e-002	1.198107e+003
2.363323228137839e-002	1.195185e+003
2.366323228137821e-002	1.192271e+003
2.369323228137803e-002	1.189364e+003
2.372323228137786e-002	1.186464e+003
2.375323228137768e-002	1.183571e+003
2.378323228137750e-002	1.180686e+003
2.381323228137732e-002	1.177807e+003
2.384323228137714e-002	1.174935e+003
2.387323228137697e-002	1.172070e+003
2.390323228137679e-002	1.169212e+003
2.393323228137661e-002	1.166361e+003
2.396323228137643e-002	1.163518e+003
2.399323228137625e-002	1.160681e+003
2.402323228137607e-002	1.157851e+003
2.405323228137590e-002	1.155027e+003
2.408323228137572e-002	1.152211e+003
2.411323228137554e-002	1.149402e+003
2.414323228137536e-002	1.146599e+003
2.417323228137518e-002	1.143804e+003
2.420323228137501e-002	1.141015e+003
2.423323228137483e-002	1.138233e+003
2.426323228137465e-002	1.135457e+003
2.429323228137447e-002	1.132689e+003
2.432323228137429e-002	1.129927e+003
2.435323228137411e-002	1.127172e+003
2.438323228137394e-002	1.124423e+003
2.441323228137376e-002	1.121682e+003
2.444323228137358e-002	1.118947e+003
2.447323228137340e-002	1.116219e+003
2.450323228137322e-002	1.113497e+003
2.453323228137305e-002	1.110782e+003
2.456323228137287e-002	1.108074e+003
2.459323228137269e-002	1.105372e+003
2.462323228137251e-002	1.102677e+003
2.465323228137233e-002	1.099988e+003
2.468323228137215e-002	1.097306e+003
2.471323228137198e-002	1.094630e+003
2.474323228137180e-002	1.091961e+003
2.477323228137162e-002	1.089299e+003
2.480323228137144e-002	1.086643e+003
2.483323228137126e-002	1.083994e+003
2.486323228137109e-002	1.081350e+003
2.489323228137091e-002	1.078714e+003
2.492323228137073e-002	1.076084e+003
2.495323228137055e-002	1.073460e+003
2.498323228137037e-002	1.070843e+003
2.501323228137019e-002	1.068232e+003
2.504323228137002e-002	1.065627e+003
2.507323228136984e-002	1.063029e+003
2.510323228136966e-002	1.060437e+003
2.513323228136948e-002	1.057851e+003
2.516323228136930e-002	1.055272e+003
2.519323228136913e-002	1.052699e+003
2.522323228136895e-002	1.050132e+003
2.525323228136877e-002	1.047572e+003
2.528323228136859e-002	1.045018e+003
2.531323228136841e-002	1.042470e+003
2.534323228136824e-002	1.039928e+003
2.537323228136806e-002	1.037393e+003
2.540323228136788e-002	1.034863e+003
2.543323228136770e-002	1.032340e+003
2.546323228136752e-002	1.029823e+003
2.549323228136734e-002	1.027312e+003
2.552323228136717e-002	1.024807e+003
2.555323228136699e-002	1.022309e+003
2.558323228136681e-002	1.019816e+003
2.561323228136663e-002	1.017330e+003
2.564323228136645e-002	1.014849e+003
2.567323228136628e-002	1.012375e+003
2.570323228136610e-002	1.009907e+003
2.573323228136592e-002	1.007445e+003
2.576323228136574e-002	1.004988e+003
2.579323228136556e-002	1.002538e+003
2.582323228136538e-002	1.000094e+003
2.585323228136521e-002	9.976554e+002
2.588323228136503e-002	9.952230e+002
2.591323228136485e-002	9.927966e+002
2.594323228136467e-002	9.903761e+002
2.597323228136449e-002	9.879615e+002
2.600323228136432e-002	9.855528e+002
2.603323228136414e-002	9.831500e+002
2.606323228136396e-002	9.807530e+002
2.609323228136378e-002	9.783619e+002
2.612323228136360e-002	9.759766e+002
2.615323228136342e-002	9.735972e+002
2.618323228136325e-002	9.712235e+002
2.621323228136307e-002	9.688557e+002
2.624323228136289e-002	9.664936e+002
2.627323228136271e-002	9.641373e+002
2.630323228136253e-002	9.617867e+002
2.633323228136236e-002	9.594420e+002
2.636323228136218e-002	9.571028e+002
2.639323228136200e-002	9.547695e+002
2.642323228136182e-002	9.524418e+002
2.645323228136164e-002	9.501198e+002
2.648323228136146e-002	9.478035e+002
2.651323228136129e-002	9.454928e+002
2.654323228136111e-002	9.431878e+002
2.657323228136093e-002	9.408884e+002
2.660323228136075e-002	9.385946e+002
2.663323228136057e-002	9.363064e+002
2.666323228136040e-002	9.340238e+002
2.669323228136022e-002	9.317468e+002
2.672323228136004e-002	9.294753e+002
2.675323228135986e-002	9.272094e+002
2.678323228135968e-002	9.249490e+002
2.681323228135950e-002	9.226942e+002
2.684323228135933e-002	9.204448e+002
2.687323228135915e-002	9.182009e+002
2.690323228135897e-002	9.159625e+002
2.693323228135879e-002	9.137296e+002
2.696323228135861e-002	9.115021e+002
2.699323228135844e-002	9.092801e+002
2.702323228135826e-002	9.070635e+002
2.705323228135808e-002	9.048523e+002
2.708323228135790e-002	9.026465e+002
2.711323228135772e-002	9.004461e+002
2.714323228135755e-002	8.982510e+002
2.717323228135737e-002	8.960614e+002
2.720323228135719e-002	8.938771e+002
2.723323228135701e-002	8.916981e+002
2.726323228135683e-002	8.895244e+002
2.729323228135665e-002	8.873560e+002
2.732323228135648e-002	8.851929e+002
2.735323228135630e-002	8.830352e+002
2.738323228135612e-002	8.808827e+002
2.741323228135594e-002	8.787354e+002
2.744323228135576e-002	8.765934e+002
2.747323228135559e-002	8.744566e+002
2.750323228135541e-002	8.723251e+002
2.753323228135523e-002	8.701987e+002
2.756323228135505e-002	8.680775e+002
2.759323228135487e-002	8.659615e+002
2.762323228135469e-002	8.638507e+002
2.765323228135452e-002	8.617451e+002
2.768323228135434e-002	8.596445e+002
2.771323228135416e-002	8.575492e+002
2.774323228135398e-002	8.554589e+002
2.777323228135380e-002	8.533737e+002
2.780323228135363e-002	8.512936e+002
2.783323228135345e-002	8.492187e+002
2.786323228135327e-002	8.471487e+002
2.789323228135309e-002	8.450839e+002
2.792323228135291e-002	8.430240e+002
2.795323228135273e-002	8.409693e+002
2.798323228135256e-002	8.389195e+002
2.801323228135238e-002	8.368748e+002
2.804323228135220e-002	8.348350e+002
2.807323228135202e-002	8.328002e+002
2.810323228135184e-002	8.307704e+002
2.813323228135167e-002	8.287455e+002
2.816323228135149e-002	8.267256e+002
2.819323228135131e-002	8.247106e+002
2.822323228135113e-002	8.227006e+002
2.825323228135095e-002	8.206954e+002
2.828323228135077e-002	8.186952e+002
2.831323228135060e-002	8.166998e+002
2.834323228135042e-002	8.147094e+002
2.837323228135024e-002	8.127238e+002
2.840323228135006e-002	8.107430e+002
2.843323228134988e-002	8.087670e+002
2.846323228134971e-002	8.067959e+002
2.849323228134953e-002	8.048297e+002
2.852323228134935e-002	8.028682e+002
2.855323228134917e-002	8.009114e+002
2.858323228134899e-002	7.989595e+002
2.861323228134882e-002	7.970124e+002
2.864323228134864e-002	7.950700e+002
2.867323228134846e-002	7.931323e+002
2.870323228134828e-002	7.911995e+002
2.873323228134810e-002	7.892712e+002
2.876323228134792e-002	7.873478e+002
2.879323228134775e-002	7.854290e+002
2.882323228134757e-002	7.835149e+002
2.885323228134739e-002	7.816055e+002
2.888323228134721e-002	7.797007e+002
2.891323228134703e-002	7.778007e+002
2.894323228134686e-002	7.759052e+002
2.897323228134668e-002	7.740143e+002
2.900323228134650e-002	7.721282e+002
2.903323228134632e-002	7.702466e+002
2.906323228134614e-002	7.683696e+002
2.909323228134596e-002	7.664971e+002
2.912323228134579e-002	7.646293e+002
2.915323228134561e-002	7.627661e+002
2.918323228134543e-002	7.609073e+002
2.921323228134525e-002	7.590532e+002
2.924323228134507e-002	7.572035e+002
2.927323228134490e-002	7.553583e+002
2.930323228134472e-002	7.535178e+002
2.933323228134454e-002	7.516816e+002
2.936323228134436e-002	7.498500e+002
2.939323228134418e-002	7.480228e+002
2.942323228134400e-002	7.462001e+002
2.945323228134383e-002	7.443818e+002
2.948323228134365e-002	7.425681e+002
2.951323228134347e-002	7.407587e+002
2.954323228134329e-002	7.389537e+002
2.957323228134311e-002	7.371532e+002
2.960323228134294e-002	7.353571e+002
2.963323228134276e-002	7.335653e+002
2.966323228134258e-002	7.317780e+002
2.969323228134240e-002	7.299949e+002
2.972323228134222e-002	7.282162e+002
2.975323228134204e-002	7.264420e+002
2.978323228134187e-002	7.246720e+002
2.981323228134169e-002	7.229064e+002
2.984323228134151e-002	7.211450e+002
2.987323228134133e-002	7.193880e+002
2.990323228134115e-002	7.176353e+002
2.993323228134098e-002	7.158868e+002
2.996323228134080e-002	7.141426e+002
2.999323228134062e-002	7.124027e+002
3.002323228134044e-002	7.106671e+002
3.005323228134026e-002	7.089357e+002
3.008323228134009e-002	7.072084e+002
3.011323228133991e-002	7.054855e+002
3.014323228133973e-002	7.037667e+002
3.017323228133955e-002	7.020522e+002
3.020323228133937e-002	7.003418e+002
3.023323228133919e-002	6.986356e+002
3.026323228133902e-002	6.969336e+002
3.029323228133884e-002	6.952357e+002
3.032323228133866e-002	6.935420e+002
3.035323228133848e-002	6.918524e+002
3.038323228133830e-002	6.901670e+002
3.041323228133813e-002	6.884857e+002
3.044323228133795e-002	6.868085e+002
3.047323228133777e-002	6.851353e+002
3.050323228133759e-002	6.834663e+002
3.053323228133741e-002	6.818013e+002
3.056323228133723e-002	6.801404e+002
3.059323228133706e-002	6.784836e+002
3.062323228133688e-002	6.768309e+002
3.065323228133670e-002	6.751821e+002
3.068323228133652e-002	6.735374e+002
3.071323228133634e-002	6.718967e+002
3.074323228133617e-002	6.702600e+002
3.077323228133599e-002	6.686274e+002
3.080323228133581e-002	6.669987e+002
3.083323228133563e-002	6.653740e+002
3.086323228133545e-002	6.637532e+002
3.089323228133527e-002	6.621364e+002
3.092323228133510e-002	6.605236e+002
3.095323228133492e-002	6.589147e+002
3.098323228133474e-002	6.573098e+002
3.101323228133456e-002	6.557087e+002
3.104323228133438e-002	6.541116e+002
3.107323228133421e-002	6.525184e+002
3.110323228133403e-002	6.509291e+002
3.113323228133385e-002	6.493436e+002
3.116323228133367e-002	6.477621e+002
3.119323228133349e-002	6.461844e+002
3.122323228133331e-002	6.446105e+002
3.125323228133325e-002	6.430405e+002
3.128323228133411e-002	6.414744e+002
3.131323228133497e-002	6.399120e+002
3.134323228133584e-002	6.383535e+002
3.137323228133670e-002	6.367988e+002
3.140323228133756e-002	6.352479e+002
3.143323228133842e-002	6.337008e+002
3.146323228133929e-002	6.321575e+002
3.149323228134015e-002	6.306179e+002
3.152323228134101e-002	6.290821e+002
3.155323228134187e-002	6.275500e+002
3.158323228134274e-002	6.260217e+002
3.161323228134360e-002	6.244972e+002
3.164323228134446e-002	6.229763e+002
3.167323228134533e-002	6.214592e+002
3.170323228134619e-002	6.199458e+002
3.173323228134705e-002	6.184361e+002
3.176323228134791e-002	6.169301e+002
3.179323228134878e-002	6.154277e+002
3.182323228134964e-002	6.139290e+002
3.185323228135050e-002	6.124340e+002
3.188323228135136e-002	6.109426e+002
3.191323228135223e-002	6.094550e+002
3.194323228135309e-002	6.079708e+002
3.197323228135395e-002	6.064904e+002
3.200323228135481e-002	6.050135e+002
3.203323228135568e-002	6.035403e+002
3.206323228135654e-002	6.020707e+002
3.209323228135740e-002	6.006047e+002
3.212323228135827e-002	5.991422e+002
3.215323228135913e-002	5.976833e+002
3.218323228135999e-002	5.962280e+002
3.221323228136085e-002	5.947763e+002
3.224323228136172e-002	5.933281e+002
3.227323228136258e-002	5.918834e+002
3.230323228136344e-002	5.904423e+002
3.233323228136430e-002	5.890047e+002
3.236323228136517e-002	5.875706e+002
3.239323228136603e-002	5.861400e+002
3.242323228136689e-002	5.847129e+002
3.245323228136775e-002	5.832893e+002
3.248323228136862e-002	5.818691e+002
3.251323228136948e-002	5.804525e+002
3.254323228137034e-002	5.790393e+002
3.257323228137121e-002	5.776296e+002
3.260323228137207e-002	5.762233e+002
3.263323228137293e-002	5.748204e+002
3.266323228137379e-002	5.734210e+002
3.269323228137466e-002	5.720250e+002
3.272323228137552e-002	5.706324e+002
3.275323228137638e-002	5.692432e+002
3.278323228137724e-002	5.678574e+002
3.281323228137811e-002	5.664750e+002
3.284323228137897e-002	5.650959e+002
3.287323228137983e-002	5.637203e+002
3.290323228138069e-002	5.623480e+002
3.293323228138156e-002	5.609790e+002
3.296323228138242e-002	5.596134e+002
3.299323228138328e-002	5.582512e+002
3.302323228138415e-002	5.568922e+002
3.305323228138501e-002	5.555366e+002
3.308323228138587e-002	5.541843e+002
3.311323228138673e-002	5.528353e+002
3.314323228138760e-002	5.514896e+002
3.317323228138846e-002	5.501472e+002
3.320323228138932e-002	5.488081e+002
3.323323228139018e-002	5.474722e+002
3.326323228139105e-002	5.461396e+002
3.329323228139191e-002	5.448103e+002
3.332323228139277e-002	5.434842e+002
3.335323228139363e-002	5.421614e+002
3.338323228139450e-002	5.408418e+002
3.341323228139536e-002	5.395254e+002
3.344323228139622e-002	5.382122e+002
3.347323228139709e-002	5.369023e+002
3.350323228139795e-002	5.355955e+002
3.353323228139881e-002	5.342919e+002
3.356323228139967e-002	5.329916e+002
3.359323228140054e-002	5.316944e+002
3.362323228140140e-002	5.304004e+002
3.365323228140226e-002	5.291095e+002
3.368323228140312e-002	5.278218e+002
3.371323228140399e-002	5.265372e+002
3.374323228140485e-002	5.252558e+002
3.377323228140571e-002	5.239775e+002
3.380323228140657e-002	5.227024e+002
3.383323228140744e-002	5.214303e+002
3.386323228140830e-002	5.201614e+002
3.389323228140916e-002	5.188956e+002
3.392323228141003e-002	5.176328e+002
3.395323228141089e-002	5.163732e+002
3.398323228141175e-002	5.151166e+002
3.401323228141261e-002	5.138631e+002
3.404323228141348e-002	5.126126e+002
3.407323228141434e-002	5.113652e+002
3.410323228141520e-002	5.101209e+002
3.413323228141606e-002	5.088796e+002
3.416323228141693e-002	5.076414e+002
3.419323228141779e-002	5.064061e+002
3.422323228141865e-002	5.051739e+002
3.425323228141951e-002	5.039447e+002
3.428323228142038e-002	5.027185e+002
3.431323228142124e-002	5.014953e+002
3.434323228142210e-002	5.002751e+002
3.437323228142297e-002	4.990579e+002
3.440323228142383e-002	4.978436e+002
3.443323228142469e-002	4.966323e+002
3.446323228142555e-002	4.954240e+002
3.449323228142642e-002	4.942186e+002
3.452323228142728e-002	4.930162e+002
3.455323228142814e-002	4.918167e+002
3.458323228142900e-002	4.906202e+002
3.461323228142987e-002	4.894265e+002
3.464323228143073e-002	4.882358e+002
3.467323228143159e-002	4.870480e+002
3.470323228143245e-002	4.858631e+002
3.473323228143332e-002	4.846811e+002
3.476323228143418e-002	4.835020e+002
3.479323228143504e-002	4.823258e+002
3.482323228143591e-002	4.811524e+002
3.485323228143677e-002	4.799819e+002
3.488323228143763e-002	4.788143e+002
3.491323228143849e-002	4.776495e+002
3.494323228143936e-002	4.764876e+002
3.497323228144022e-002	4.753285e+002
3.500323228144108e-002	4.741723e+002
3.503323228144194e-002	4.730188e+002
3.506323228144281e-002	4.718682e+002
3.509323228144367e-002	4.707204e+002
3.512323228144453e-002	4.695754e+002
3.515323228144539e-002	4.684333e+002
3.518323228144626e-002	4.672939e+002
3.521323228144712e-002	4.661573e+002
3.524323228144798e-002	4.650234e+002
3.527323228144885e-002	4.638924e+002
3.530323228144971e-002	4.627640e+002
3.533323228145057e-002	4.616385e+002
3.536323228145143e-002	4.605157e+002
3.539323228145230e-002	4.593957e+002
3.542323228145316e-002	4.582784e+002
3.545323228145402e-002	4.571638e+002
3.548323228145488e-002	4.560519e+002
3.551323228145575e-002	4.549428e+002
3.554323228145661e-002	4.538364e+002
3.557323228145747e-002	4.527327e+002
3.560323228145833e-002	4.516316e+002
3.563323228145920e-002	4.505333e+002
3.566323228146006e-002	4.494377e+002
3.569323228146092e-002	4.483447e+002
3.572323228146179e-002	4.472544e+002
3.575323228146265e-002	4.461668e+002
3.578323228146351e-002	4.450818e+002
3.581323228146437e-002	4.439995e+002
3.584323228146524e-002	4.429198e+002
3.587323228146610e-002	4.418428e+002
3.590323228146696e-002	4.407684e+002
3.593323228146782e-002	4.396966e+002
3.596323228146869e-002	4.386274e+002
3.599323228146955e-002	4.375609e+002
3.602323228147041e-002	4.364969e+002
3.605323228147127e-002	4.354356e+002
3.608323228147214e-002	4.343769e+002
3.611323228147300e-002	4.333207e+002
3.614323228147386e-002	4.322672e+002
3.617323228147473e-002	4.312162e+002
3.620323228147559e-002	4.301677e+002
3.623323228147645e-002	4.291219e+002
3.626323228147731e-002	4.280786e+002
3.629323228147818e-002	4.270378e+002
3.632323228147904e-002	4.259996e+002
3.635323228147990e-002	4.249639e+002
3.638323228148076e-002	4.239308e+002
3.641323228148163e-002	4.229001e+002
3.644323228148249e-002	4.218720e+002
3.647323228148335e-002	4.208464e+002
3.650323228148421e-002	4.198234e+002
3.653323228148508e-002	4.188028e+002
3.656323228148594e-002	4.177847e+002
3.659323228148680e-002	4.167691e+002
3.662323228148767e-002	4.157560e+002
3.665323228148853e-002	4.147453e+002
3.668323228148939e-002	4.137372e+002
3.671323228149025e-002	4.127314e+002
3.674323228149112e-002	4.117282e+002
3.677323228149198e-002	4.107274e+002
3.680323228149284e-002	4.097291e+002
3.683323228149370e-002	4.087332e+002
3.686323228149457e-002	4.077397e+002
3.689323228149543e-002	4.067487e+002
3.692323228149629e-002	4.057600e+002
3.695323228149715e-002	4.047738e+002
3.698323228149802e-002	4.037900e+002
3.701323228149888e-002	4.028087e+002
3.704323228149974e-002	4.018297e+002
3.707323228150061e-002	4.008531e+002
3.710323228150147e-002	3.998788e+002
3.713323228150233e-002	3.989070e+002
3.716323228150319e-002	3.979376e+002
3.719323228150406e-002	3.969705e+002
3.722323228150492e-002	3.960057e+002
3.725323228150578e-002	3.950434e+002
3.728323228150664e-002	3.940834e+002
3.731323228150751e-002	3.931257e+002
3.734323228150837e-002	3.921704e+002
3.737323228150923e-002	3.912174e+002
3.740323228151010e-002	3.902668e+002
3.743323228151096e-002	3.893184e+002
3.746323228151182e-002	3.883724e+002
3.749323228151268e-002	3.874287e+002
3.752323228151355e-002	3.864873e+002
3.755323228151441e-002	3.855482e+002
3.758323228151527e-002	3.846114e+002
3.761323228151613e-002	3.836769e+002
3.764323228151700e-002	3.827447e+002
3.767323228151786e-002	3.818147e+002
3.770323228151872e-002	3.808871e+002
3.773323228151958e-002	3.799616e+002
3.776323228152045e-002	3.790385e+002
3.779323228152131e-002	3.781176e+002
3.782323228152217e-002	3.771990e+002
3.785323228152304e-002	3.762826e+002
3.788323228152390e-002	3.753684e+002
3.791323228152476e-002	3.744565e+002
3.794323228152562e-002	3.735468e+002
3.797323228152649e-002	3.726393e+002
3.800323228152735e-002	3.717341e+002
3.803323228152821e-002	3.708311e+002
3.806323228152907e-002	3.699302e+002
3.809323228152994e-002	3.690316e+002
3.812323228153080e-002	3.681352e+002
3.815323228153166e-002	3.672410e+002
3.818323228153252e-002	3.663489e+002
3.821323228153339e-002	3.654590e+002
3.824323228153425e-002	3.645714e+002
3.827323228153511e-002	3.636858e+002
3.830323228153598e-002	3.628025e+002
3.833323228153684e-002	3.619212e+002
3.836323228153770e-002	3.610422e+002
3.839323228153856e-002	3.601653e+002
3.842323228153943e-002	3.592906e+002
3.845323228154029e-002	3.584179e+002
3.848323228154115e-002	3.575475e+002
3.851323228154201e-002	3.566791e+002
3.854323228154288e-002	3.558129e+002
3.857323228154374e-002	3.549487e+002
3.860323228154460e-002	3.540867e+002
3.863323228154546e-002	3.532268e+002
3.866323228154633e-002	3.523690e+002
3.869323228154719e-002	3.515133e+002
3.872323228154805e-002	3.506597e+002
3.875323228154892e-002	3.498082e+002
3.878323228154978e-002	3.489588e+002
3.881323228155064e-002	3.481114e+002
3.884323228155150e-002	3.472661e+002
3.887323228155237e-002	3.464229e+002
3.890323228155323e-002	3.455817e+002
3.893323228155409e-002	3.447426e+002
3.896323228155495e-002	3.439055e+002
3.899323228155582e-002	3.430706e+002
3.902323228155668e-002	3.422376e+002
3.905323228155754e-002	3.414066e+002
3.908323228155840e-002	3.405777e+002
3.911323228155927e-002	3.397509e+002
3.914323228156013e-002	3.389260e+002
3.917323228156099e-002	3.381032e+002
3.920323228156186e-002	3.372823e+002
3.923323228156272e-002	3.364635e+002
3.926323228156358e-002	3.356467e+002
3.929323228156444e-002	3.348319e+002
3.932323228156531e-002	3.340190e+002
3.935323228156617e-002	3.332082e+002
3.938323228156703e-002	3.323993e+002
3.941323228156789e-002	3.315924e+002
3.944323228156876e-002	3.307875e+002
3.947323228156962e-002	3.299846e+002
3.950323228157048e-002	3.291836e+002
3.953323228157134e-002	3.283846e+002
3.956323228157221e-002	3.275875e+002
3.959323228157307e-002	3.267924e+002
3.962323228157393e-002	3.259992e+002
3.965323228157480e-002	3.252079e+002
3.968323228157566e-002	3.244186e+002
3.971323228157652e-002	3.236313e+002
3.974323228157738e-002	3.228458e+002
3.977323228157825e-002	3.220623e+002
3.980323228157911e-002	3.212807e+002
3.983323228157997e-002	3.205009e+002
3.986323228158083e-002	3.197231e+002
3.989323228158170e-002	3.189472e+002
3.992323228158256e-002	3.181732e+002
3.995323228158342e-002	3.174011e+002
3.998323228158428e-002	3.166309e+002
4.001323228158515e-002	3.158625e+002
4.004323228158601e-002	3.150961e+002
4.007323228158687e-002	3.143315e+002
4.010323228158774e-002	3.135688e+002
4.013323228158860e-002	3.128079e+002
4.016323228158946e-002	3.120489e+002
4.019323228159032e-002	3.112918e+002
4.022323228159119e-002	3.105365e+002
4.025323228159205e-002	3.097831e+002
4.028323228159291e-002	3.090314e+002
4.031323228159377e-002	3.082817e+002
4.034323228159464e-002	3.075338e+002
4.037323228159550e-002	3.067876e+002
4.040323228159636e-002	3.060433e+002
4.043323228159722e-002	3.053009e+002
4.046323228159809e-002	3.045602e+002
4.049323228159895e-002	3.038214e+002
4.052323228159981e-002	3.030844e+002
4.055323228160068e-002	3.023491e+002
4.058323228160154e-002	3.016157e+002
4.061323228160240e-002	3.008841e+002
4.064323228160326e-002	3.001542e+002
4.067323228160413e-002	2.994261e+002
4.070323228160499e-002	2.986999e+002
4.073323228160585e-002	2.979753e+002
4.076323228160671e-002	2.972526e+002
4.079323228160758e-002	2.965316e+002
4.082323228160844e-002	2.958124e+002
4.085323228160930e-002	2.950949e+002
4.088323228161016e-002	2.943792e+002
4.091323228161103e-002	2.936653e+002
4.094323228161189e-002	2.929531e+002
4.097323228161275e-002	2.922426e+002
4.100323228161362e-002	2.915339e+002
4.103323228161448e-002	2.908269e+002
4.106323228161534e-002	2.901216e+002
4.109323228161620e-002	2.894181e+002
4.112323228161707e-002	2.887162e+002
4.115323228161793e-002	2.880161e+002
4.118323228161879e-002	2.873177e+002
4.121323228161965e-002	2.866210e+002
4.124323228162052e-002	2.859261e+002
4.127323228162138e-002	2.852328e+002
4.130323228162224e-002	2.845412e+002
4.133323228162310e-002	2.838513e+002
4.136323228162397e-002	2.831631e+002
4.139323228162483e-002	2.824765e+002
4.142323228162569e-002	2.817917e+002
4.145323228162656e-002	2.811085e+002
4.148323228162742e-002	2.804269e+002
4.151323228162828e-002	2.797471e+002
4.154323228162914e-002	2.790689e+002
4.157323228163001e-002	2.783924e+002
4.160323228163087e-002	2.777175e+002
4.163323228163173e-002	2.770443e+002
4.166323228163259e-002	2.763727e+002
4.169323228163346e-002	2.757028e+002
4.172323228163432e-002	2.750345e+002
4.175323228163518e-002	2.743678e+002
4.178323228163604e-002	2.737028e+002
4.181323228163691e-002	2.730393e+002
4.184323228163777e-002	2.723775e+002
4.187323228163863e-002	2.717174e+002
4.190323228163950e-002	2.710588e+002
4.193323228164036e-002	2.704019e+002
4.196323228164122e-002	2.697465e+002
4.199323228164208e-002	2.690928e+002
4.202323228164295e-002	2.684406e+002
4.205323228164381e-002	2.677901e+002
4.208323228164467e-002	2.671411e+002
4.211323228164553e-002	2.664937e+002
4.214323228164640e-002	2.658480e+002
4.217323228164726e-002	2.652037e+002
4.220323228164812e-002	2.645611e+002
4.223323228164898e-002	2.639200e+002
4.226323228164985e-002	2.632805e+002
4.229323228165071e-002	2.626426e+002
4.232323228165157e-002	2.620062e+002
4.235323228165244e-002	2.613714e+002
4.238323228165330e-002	2.607381e+002
4.241323228165416e-002	2.601064e+002
4.244323228165502e-002	2.594762e+002
4.247323228165589e-002	2.588476e+002
4.250323228165675e-002	2.582205e+002
4.253323228165761e-002	2.575949e+002
4.256323228165847e-002	2.569709e+002
4.259323228165934e-002	2.563483e+002
4.262323228166020e-002	2.557273e+002
4.265323228166106e-002	2.551079e+002
4.268323228166192e-002	2.544899e+002
4.271323228166279e-002	2.538734e+002
4.274323228166365e-002	2.532585e+002
4.277323228166451e-002	2.526451e+002
4.280323228166538e-002	2.520331e+002
4.283323228166624e-002	2.514227e+002
4.286323228166710e-002	2.508137e+002
4.289323228166796e-002	2.502063e+002
4.292323228166883e-002	2.496003e+002
4.295323228166969e-002	2.489958e+002
4.298323228167055e-002	2.483927e+002
4.301323228167141e-002	2.477912e+002
4.304323228167228e-002	2.471911e+002
4.307323228167314e-002	2.465925e+002
4.310323228167400e-002	2.459954e+002
4.313323228167487e-002	2.453997e+002
4.316323228167573e-002	2.448054e+002
4.319323228167659e-002	2.442126e+002
4.322323228167745e-002	2.436213e+002
4.325323228167832e-002	2.430314e+002
4.328323228167918e-002	2.424430e+002
4.331323228168004e-002	2.418560e+002
4.334323228168090e-002	2.412704e+002
4.337323228168177e-002	2.406863e+002
4.340323228168263e-002	2.401036e+002
4.343323228168349e-002	2.395223e+002
4.346323228168435e-002	2.389424e+002
4.349323228168522e-002	2.383640e+002
4.352323228168608e-002	2.377869e+002
4.355323228168694e-002	2.372113e+002
4.358323228168781e-002	2.366371e+002
4.361323228168867e-002	2.360643e+002
4.364323228168953e-002	2.354928e+002
4.367323228169039e-002	2.349228e+002
4.370323228169126e-002	2.343542e+002
4.373323228169212e-002	2.337870e+002
4.376323228169298e-002	2.332211e+002
4.379323228169384e-002	2.326566e+002
4.382323228169471e-002	2.320936e+002
4.385323228169557e-002	2.315318e+002
4.388323228169643e-002	2.309715e+002
4.391323228169729e-002	2.304125e+002
4.394323228169816e-002	2.298549e+002
4.397323228169902e-002	2.292987e+002
4.400323228169988e-002	2.287438e+002
4.403323228170075e-002	2.281903e+002
4.406323228170161e-002	2.276381e+002
4.409323228170247e-002	2.270873e+002
4.412323228170333e-002	2.265378e+002
4.415323228170420e-002	2.259897e+002
4.418323228170506e-002	2.254429e+002
4.421323228170592e-002	2.248974e+002
4.424323228170678e-002	2.243533e+002
4.427323228170765e-002	2.238105e+002
4.430323228170851e-002	2.232691e+002
4.433323228170937e-002	2.227289e+002
4.436323228171023e-002	2.221901e+002
4.439323228171110e-002	2.216526e+002
4.442323228171196e-002	2.211164e+002
4.445323228171282e-002	2.205815e+002
4.448323228171369e-002	2.200480e+002
4.451323228171455e-002	2.195157e+002
4.454323228171541e-002	2.189847e+002
4.457323228171627e-002	2.184550e+002
4.460323228171714e-002	2.179267e+002
4.463323228171800e-002	2.173996e+002
4.466323228171886e-002	2.168738e+002
4.469323228171972e-002	2.163493e+002
4.472323228172059e-002	2.158260e+002
4.475323228172145e-002	2.153041e+002
4.478323228172231e-002	2.147834e+002
